1572428447|1575093436
1572429310|1575093436
1572429310|1575093436
1572429310|1575093436
1572429310|1575093436
1572429310|1575093436
1572429310|1575093436
1572429310|1575093436
1572429310|1575093436
1572429310|1575093436
1572429310|1575093436
1572429310|1575093436
1572429310|1575093436
1572429310|1575093436
1572429310|1575093436
1572429310|1575093436
1572429310|1575093436
1572429310|1575093436
1572429310|1575093436
1572429310|1575093436
1572429310|1575093436
1572429310|1575093436
1572429310|1575093436
1572429310|1575093436
1572429310|1575093436
1572429310|1575093436
1572429310|1575093436
1572429310|1575093436
1572429310|1575093436
1572429310|1575093436
1572429310|1575093436
1572429310|1575093436
1572429310|1575093436
1572429310|1575093436
1572429310|1575093436
1572429310|1575093436
1572429310|1575093436
1572429310|1575093436
1572429310|1575093436
1572429310|1575093436
1572429310|1575093436
1572429310|1575093436
1572429310|1575093436
1572429310|1575093436
1572429310|1575093436
1572429310|1575093436
1572429310|1575093436
1572429310|1575093436
1572429310|1575093436
1572429310|1575093436
1572429310|1575093436
1572429310|1575093436
1572429310|1575093436
1572429310|1575093436
1572429310|1575093436
1572429310|1575093436
1572429310|1575093436
1572429310|1575093436
1572429310|1575093436
1572429310|1575093436
1572429310|1575093436
1572429310|1575093436
1572429310|1575093436
1572429310|1575093436
1572429310|1575093436
1572429310|1575093436
1572429310|1575093436
1572429310|1575093436
1572429310|1575093436
1572429310|1575093436
1572429310|1575093436
1572429310|1575093436
1572429310|1575093436
1572429310|1575093436
1572429310|1575093436
1572429310|1575093436
1572429310|1575093436
1572429310|1575093436
1572429310|1575093436
1572429310|1575093436
1572429310|1575093436
1572429310|1575093436
1572429310|1575093436
1572429310|1575093436
1572429310|1575093436
1572429310|1575093436
1572429310|1575093436
1572429310|1575093436
1572429310|1575093436
1572429310|1575093436
1572429310|1575093436
1572429310|1575093436
1572429310|1575093436
1572429310|1575093436
1572429310|1575093436
1572429310|1575093436
1572429310|1575093436
1572429310|1575093436
1572429310|1575093436
1572429310|1575093436
